span:
    offset: 17900
    width: 1000000
events:
    -
        offset: 67900
        width: 13300
    -
        offset: 170375
        width: 12675
    -
        offset: 274450
        width: 13425
    -
        offset: 379550
        width: 12400
    -
        offset: 463850
        width: 12450
    -
        offset: 567400
        width: 12400
    -
        offset: 670050
        width: 13450
    -
        offset: 810650
        width: 13300
    -
        offset: 878650
        width: 13225
    -
        offset: 963725
        width: 12400
sleep:
    avg: 0.00000108388729202602
    std: 6.682267229124698e-7
    p95: 5.078235858491098e-7
    'off': 23200
options:
    - '--gap 15'
    - '--min-duration 75'
    - '--sleep-window 100'
    - '--trim 10'
version: 25.5.3
